start=325.291633
volume=79.432823
