start=86.353000
volume=73.564240
