start=0.000000
volume=200.000000
