start=176.309000
volume=79.432831
