start=0.000000
volume=72.166130
