start=53.467000
volume=89.125092
