start=2123.432000
volume=146.779938
