start=5.405400
volume=92.611870
