start=82.290542
volume=121.152779
