start=9544.994000
volume=116.591438
