start=477.781000
volume=85.769592
