start=3.337000
volume=96.235062
