start=243.958563
volume=89.125092
