start=77.577000
volume=94.406090
