start=3746.167000
volume=89.125092
