start=22.439000
volume=79.432823
