start=1530.033333
volume=107.977524
