start=1526.633333
volume=107.977524
