start=748.289000
volume=121.152779
