start=0.000000
volume=98.099472
