start=3779.456000
volume=98.000000
