start=2357.772000
volume=125.892540
