start=0.001000
volume=85.769592
