start=0.000000
volume=89.125099
