start=152.600000
volume=85.769592
