start=16.840000
volume=85.769592
