start=194.480000
volume=80.971718
