start=0.000000
volume=90.851761
