start=0.000000
volume=100.010582
