start=85.459000
volume=85.769592
