start=8.600000
volume=74.989433
