start=83.542000
volume=96.976540
