start=12.429000
volume=89.125099
