start=109.443000
volume=89.125099
