start=119.745000
volume=80.235062
