start=788.871000
volume=112.201851
