start=0.000000
volume=84.139519
