start=25.692333
volume=89.125092
