start=67.943000
volume=99.755745
