start=37.480000
volume=84.139519
