start=500.517000
volume=112.201843
