start=159.966667
volume=98.099472
