start=2.544000
volume=121.152763
start=1857.86
