start=38.520000
volume=82.540421
