start=7.680000
volume=82.540421
