start=6499.993000
volume=146.000000
