start=30.880000
volume=79.432823
