start=3000.480000
volume=116.591438
