start=122.760000
volume=92.611870
