start=10.844000
volume=82.540421
