start=0.000000
volume=85.769592
