start=517.555000
volume=86.000000
