start=0.000000
volume=86.000000
