start=-5.000000
volume=89.125092
