start=0.000000
volume=112.201843
start=214.923
