start=80.280000
volume=82.540421
