start=11.274667
volume=79.432823
