start=5424.833000
volume=116.591446
