start=5314.000000
volume=116.591446
