start=338.713000
volume=112.201843
