start=16.480000
volume=85.769592
