start=0.000000
volume=92.611877
