start=21.880000
volume=90.000000
