start=107.760000
volume=79.432823
