start=102.917000
volume=89.125092
