start=0.000000
volume=116.591438
