start=5036.907000
volume=112.201843
