start=3127.458000
volume=112.201843
