start=0.000000
volume=121.152763
