start=0.000000
volume=112.201859
