start=0.000000
volume=110.069427
