start=13.913900
volume=76.442238
