start=6.320000
volume=82.540421
