start=42.400000
volume=96.235062
