start=18.667000
volume=82.540421
