start=101.393000
volume=200.000000
