start=131.054437
volume=79.432823
