start=81.720000
volume=82.540421
