start=0.000000
volume=103.912231
