start=120.662000
volume=73.564224
