start=17.440000
volume=94.406090
