start=25.983000
volume=82.540421
