start=192.693000
volume=76.442238
