start=123.415000
volume=79.432823
