start=11.960000
volume=82.540421
