start=42.120000
volume=82.540421
