start=3.470000
volume=92.611870
