start=3546.168000
volume=99.999992
