start=3445.000000
volume=112.201859
