start=0.000000
volume=101.937347
