start=9871.733000
volume=103.912231
