start=0.000000
volume=76.442230
