start=4467.767000
volume=112.201859
