start=-0.001667
volume=79.432823
