start=-0.000000
volume=79.432823
