start=23.080000
volume=82.540421
