start=966.880000
volume=70.794594
