start=0.000000
volume=107.977516
