start=234.691000
volume=28.540421
