start=84.920000
volume=84.139519
