start=21.034000
volume=92.611877
