start=373.473000
volume=92.611877
