start=6098.718000
volume=107.977524
