start=0.000000
volume=73.564240
