start=205.800000
volume=90.851761
