start=66.132733
volume=85.769592
