start=150.550400
volume=85.769592
