start=5.338667
volume=82.540421
