start=199.532667
volume=87.431252
