start=2.916667
volume=85.769592
