start=0.000000
volume=74.989433
