start=0.000000
volume=185.223755
