start=38.104000
volume=92.611870
