start=32.887000
volume=92.611877
