start=0.007000
volume=87.431252
