start=20.683000
volume=135.935638
