start=145.701000
volume=79.432823
