start=53.523333
volume=79.432823
