start=176.720000
volume=79.432823
