start=188.588400
volume=92.611877
