start=153.402000
volume=98.000000
