start=0.000000
volume=80.971718
