start=9.393000
volume=92.611877
