start=93.843000
volume=85.769592
