start=0.000000
volume=82.540421
