start=825.057000
volume=89.125099
