start=21.554867
volume=89.125092
