start=0.000000
volume=114.606468
