start=0.001000
volume=89.125099
