start=24.341000
volume=85.769592
