start=0.021000
volume=192.014206
