start=113.684000
volume=82.540421
