start=55.097000
volume=77.923187
