start=123.123000
volume=79.432831
